600.000000 0.385771
601.000000 0.390372
602.000000 0.398001
603.000000 0.406724
604.000000 0.419435
605.000000 0.422256
606.000000 0.424433
607.000000 0.433745
608.000000 0.432519
609.000000 0.430799
610.000000 0.436677
611.000000 0.441127
612.000000 0.451234
613.000000 0.461048
614.000000 0.454282
615.000000 0.453984
616.000000 0.467463
617.000000 0.477429
618.000000 0.486858
619.000000 0.496133
620.000000 0.500165
621.000000 0.505539
622.000000 0.527759
623.000000 0.552359
624.000000 0.567229
625.000000 0.597012
626.000000 0.631932
627.000000 0.656167
628.000000 0.701277
629.000000 0.756084
630.000000 0.804225
631.000000 0.874110
632.000000 0.948638
633.000000 1.034077
634.000000 1.148211
635.000000 1.264094
636.000000 1.393717
637.000000 1.542513
638.000000 1.730004
639.000000 1.928922
640.000000 2.125224
641.000000 2.390537
642.000000 2.683917
643.000000 3.007412
644.000000 3.413873
645.000000 3.853656
646.000000 4.295614
647.000000 4.775147
648.000000 5.314922
649.000000 5.890518
650.000000 6.532875
651.000000 7.222848
652.000000 7.930639
653.000000 8.686146
654.000000 9.436074
655.000000 10.126974
656.000000 10.848839
657.000000 11.578963
658.000000 12.178042
659.000000 12.677551
660.000000 13.105261
661.000000 13.474951
662.000000 13.696384
663.000000 13.738442
664.000000 13.748867
665.000000 13.693840
666.000000 13.474720
667.000000 13.232819
668.000000 12.964320
669.000000 12.598192
670.000000 12.245177
671.000000 11.879264
672.000000 11.407606
673.000000 10.962790
674.000000 10.640594
675.000000 10.329754
676.000000 9.978846
677.000000 9.663707
678.000000 9.395669
679.000000 9.136332
680.000000 8.919727
681.000000 8.747640
682.000000 8.516640
683.000000 8.222855
684.000000 7.994793
685.000000 7.805389
686.000000 7.652104
687.000000 7.522991
688.000000 7.439690
689.000000 7.332966
690.000000 7.216149
691.000000 7.195375
692.000000 7.144862
693.000000 7.001906
694.000000 6.894423
695.000000 6.871092
696.000000 6.839202
697.000000 6.821920
698.000000 6.788469
699.000000 6.708677
700.000000 6.664152
701.000000 6.634816
702.000000 6.606435
703.000000 6.615385
704.000000 6.594890
705.000000 6.606493
706.000000 6.616219
707.000000 6.593648
708.000000 6.622747
709.000000 6.635627
710.000000 6.609899
711.000000 6.572340
712.000000 6.584579
713.000000 6.579470
714.000000 6.547559
715.000000 6.522721
716.000000 6.499045
717.000000 6.527067
718.000000 6.613265
719.000000 6.671464
720.000000 6.671599
721.000000 6.701637
722.000000 6.709656
723.000000 6.678328
724.000000 6.685828
725.000000 6.785318
726.000000 6.744698
727.000000 6.490369
728.000000 6.326110
729.000000 6.219141
730.000000 6.170024
731.000000 6.044909
732.000000 5.864379
733.000000 5.762369
734.000000 5.635848
735.000000 5.486286
736.000000 5.362952
737.000000 5.215581
738.000000 5.080769
739.000000 4.991853
740.000000 4.854578
741.000000 4.755256
742.000000 4.694703
743.000000 4.602961
744.000000 4.445004
745.000000 4.340523
746.000000 4.263695
747.000000 4.137025
748.000000 4.008740
749.000000 3.933451
750.000000 3.919796
751.000000 3.834260
752.000000 3.659963
753.000000 3.528825
754.000000 3.450737
755.000000 3.366215
756.000000 3.272692
757.000000 3.189834
758.000000 3.109976
759.000000 3.025517
760.000000 2.989327
761.000000 2.959928
762.000000 2.864079
763.000000 2.801062
764.000000 2.782556
765.000000 2.736831
766.000000 2.698734
767.000000 2.629717
768.000000 2.560917
769.000000 2.531410
770.000000 2.516305
771.000000 2.492928
772.000000 2.421011
773.000000 2.369321
774.000000 2.343832
775.000000 2.312338
776.000000 2.306700
777.000000 2.270575
778.000000 2.192268
779.000000 2.198356
780.000000 2.237882
781.000000 2.228308
782.000000 2.226847
783.000000 2.205735
784.000000 2.180240
785.000000 2.135689
786.000000 2.093652
787.000000 2.073297
788.000000 2.031436
789.000000 1.988464
790.000000 1.967683
791.000000 1.969208
792.000000 1.945459
793.000000 1.884838
794.000000 1.852348
795.000000 1.837618
796.000000 1.793461
797.000000 1.775697
798.000000 1.768537
799.000000 1.753278
800.000000 1.748461
