385.000000 0.270869
386.000000 0.261729
387.000000 0.256359
388.000000 0.260360
389.000000 0.264214
390.000000 0.264877
391.000000 0.264437
392.000000 0.266682
393.000000 0.272574
394.000000 0.277028
395.000000 0.281855
396.000000 0.287264
397.000000 0.290728
398.000000 0.292372
399.000000 0.295655
400.000000 0.295302
401.000000 0.296279
402.000000 0.299067
403.000000 0.301480
404.000000 0.307318
405.000000 0.312146
406.000000 0.318156
407.000000 0.325886
408.000000 0.334253
409.000000 0.341402
410.000000 0.350663
411.000000 0.360084
412.000000 0.370074
413.000000 0.383248
414.000000 0.394141
415.000000 0.400116
416.000000 0.403229
417.000000 0.407809
418.000000 0.412420
419.000000 0.413587
420.000000 0.414753
421.000000 0.414571
422.000000 0.410867
423.000000 0.408115
424.000000 0.409663
425.000000 0.412012
426.000000 0.412741
427.000000 0.420235
428.000000 0.428755
429.000000 0.434467
430.000000 0.444858
431.000000 0.456120
432.000000 0.467148
433.000000 0.477489
434.000000 0.490053
435.000000 0.503807
436.000000 0.514299
437.000000 0.523645
438.000000 0.532007
439.000000 0.543647
440.000000 0.553839
441.000000 0.559948
442.000000 0.567272
443.000000 0.575210
444.000000 0.581867
445.000000 0.589398
446.000000 0.590894
447.000000 0.590756
448.000000 0.594272
449.000000 0.599656
450.000000 0.604290
451.000000 0.602181
452.000000 0.603009
453.000000 0.608554
454.000000 0.609771
455.000000 0.604555
456.000000 0.597259
457.000000 0.592387
458.000000 0.589042
459.000000 0.584428
460.000000 0.577218
461.000000 0.570528
462.000000 0.564448
463.000000 0.559900
464.000000 0.562878
465.000000 0.566149
466.000000 0.566410
467.000000 0.565405
468.000000 0.563582
469.000000 0.562208
470.000000 0.562349
471.000000 0.564819
472.000000 0.565620
473.000000 0.564417
474.000000 0.563975
475.000000 0.566322
476.000000 0.567930
477.000000 0.569952
478.000000 0.579836
479.000000 0.587572
480.000000 0.583321
481.000000 0.581543
482.000000 0.586698
483.000000 0.592287
484.000000 0.594119
485.000000 0.592023
486.000000 0.588533
487.000000 0.588555
488.000000 0.592310
489.000000 0.591070
490.000000 0.587775
491.000000 0.585212
492.000000 0.585150
493.000000 0.585458
494.000000 0.582870
495.000000 0.578800
496.000000 0.577649
497.000000 0.578405
498.000000 0.574533
499.000000 0.574186
500.000000 0.573665
501.000000 0.566403
502.000000 0.560737
503.000000 0.560315
504.000000 0.560625
505.000000 0.554432
506.000000 0.550679
507.000000 0.549366
508.000000 0.545967
509.000000 0.539345
510.000000 0.534486
511.000000 0.532330
512.000000 0.526687
513.000000 0.521032
514.000000 0.512411
515.000000 0.508466
516.000000 0.507623
517.000000 0.501838
518.000000 0.495004
519.000000 0.490339
520.000000 0.487667
521.000000 0.486095
522.000000 0.482401
523.000000 0.470401
524.000000 0.461680
525.000000 0.456780
526.000000 0.452539
527.000000 0.448504
528.000000 0.443157
529.000000 0.439063
530.000000 0.435287
531.000000 0.433085
532.000000 0.431388
533.000000 0.425378
534.000000 0.418564
535.000000 0.416942
536.000000 0.415679
537.000000 0.412111
538.000000 0.407817
539.000000 0.400935
540.000000 0.394628
541.000000 0.390031
542.000000 0.386753
543.000000 0.386966
544.000000 0.384584
545.000000 0.377204
546.000000 0.373107
547.000000 0.377764
548.000000 0.375936
549.000000 0.369574
550.000000 0.363724
551.000000 0.358905
552.000000 0.358851
553.000000 0.360009
554.000000 0.358784
555.000000 0.352251
556.000000 0.346714
557.000000 0.346309
558.000000 0.351576
559.000000 0.349478
560.000000 0.350068
561.000000 0.354685
562.000000 0.353826
563.000000 0.355615
564.000000 0.356894
565.000000 0.353327
566.000000 0.349721
567.000000 0.357876
568.000000 0.365123
569.000000 0.372992
570.000000 0.379834
571.000000 0.379746
572.000000 0.388036
573.000000 0.399423
574.000000 0.404253
575.000000 0.402107
576.000000 0.402648
577.000000 0.409244
578.000000 0.414120
579.000000 0.418781
580.000000 0.432040
581.000000 0.439165
582.000000 0.440505
583.000000 0.446639
584.000000 0.449417
585.000000 0.455768
586.000000 0.454116
587.000000 0.451509
588.000000 0.450880
589.000000 0.451900
590.000000 0.464710
591.000000 0.469800
592.000000 0.472793
593.000000 0.480009
594.000000 0.480261
595.000000 0.483218
596.000000 0.493387
597.000000 0.501022
598.000000 0.504116
599.000000 0.510609
600.000000 0.518345
601.000000 0.523288
602.000000 0.527571
603.000000 0.531780
604.000000 0.543860
605.000000 0.560055
606.000000 0.571778
607.000000 0.581099
608.000000 0.587962
609.000000 0.591639
610.000000 0.609923
611.000000 0.633677
612.000000 0.649376
613.000000 0.663650
614.000000 0.672626
615.000000 0.690112
616.000000 0.716932
617.000000 0.730881
618.000000 0.752977
619.000000 0.778542
620.000000 0.799131
621.000000 0.824437
622.000000 0.823897
623.000000 0.837919
624.000000 0.880109
625.000000 0.914679
626.000000 0.961452
627.000000 1.013016
628.000000 1.052500
629.000000 1.095605
630.000000 1.182048
631.000000 1.289706
632.000000 1.380762
633.000000 1.493961
634.000000 1.647019
635.000000 1.826311
636.000000 2.022010
637.000000 2.269454
638.000000 2.617269
639.000000 3.092105
640.000000 3.671385
641.000000 4.368518
642.000000 5.303029
643.000000 6.488871
644.000000 7.927987
645.000000 9.646069
646.000000 11.643381
647.000000 14.071801
648.000000 16.797661
649.000000 19.508515
650.000000 22.437165
651.000000 25.514588
652.000000 28.475504
653.000000 31.466031
654.000000 34.340122
655.000000 36.882003
656.000000 39.067163
657.000000 40.811750
658.000000 42.227232
659.000000 43.290149
660.000000 43.784678
661.000000 43.772404
662.000000 43.300970
663.000000 42.381590
664.000000 41.183240
665.000000 39.764297
666.000000 38.078645
667.000000 36.143670
668.000000 34.128125
669.000000 32.146566
670.000000 30.149255
671.000000 28.200381
672.000000 26.238348
673.000000 24.397095
674.000000 22.737294
675.000000 21.218697
676.000000 19.849709
677.000000 18.546358
678.000000 17.454365
679.000000 16.495246
680.000000 15.613828
681.000000 14.858023
682.000000 14.152109
683.000000 13.537250
684.000000 13.000298
685.000000 12.560970
686.000000 12.273748
687.000000 12.011072
688.000000 11.709538
689.000000 11.523595
690.000000 11.439918
691.000000 11.337383
692.000000 11.166831
693.000000 11.034087
694.000000 10.987426
695.000000 10.959729
696.000000 10.955911
697.000000 10.973439
698.000000 10.972049
699.000000 10.986970
700.000000 11.037405
701.000000 11.097799
702.000000 11.194265
703.000000 11.331523
704.000000 11.487739
705.000000 11.653105
706.000000 11.832736
707.000000 11.902400
708.000000 11.905527
709.000000 11.998232
710.000000 12.165648
711.000000 12.244516
712.000000 12.248172
713.000000 12.262673
714.000000 12.192147
715.000000 12.043618
716.000000 11.937966
717.000000 11.893809
718.000000 11.893552
719.000000 11.872486
720.000000 11.800419
721.000000 11.752216
722.000000 11.641041
723.000000 11.506927
724.000000 11.369718
725.000000 11.054291
726.000000 10.721730
727.000000 10.475440
728.000000 10.207677
729.000000 9.875577
730.000000 9.479330
731.000000 9.056343
732.000000 8.618906
733.000000 8.201675
734.000000 7.931662
735.000000 7.600129
736.000000 7.173686
737.000000 6.830666
738.000000 6.508342
739.000000 6.202055
740.000000 5.938677
741.000000 5.702162
742.000000 5.449038
743.000000 5.221507
744.000000 5.034711
745.000000 4.793623
746.000000 4.553735
747.000000 4.394953
748.000000 4.261884
749.000000 4.148267
750.000000 4.007168
751.000000 3.868868
752.000000 3.742815
753.000000 3.602667
754.000000 3.476346
755.000000 3.369273
756.000000 3.308996
757.000000 3.274206
758.000000 3.189961
759.000000 3.118504
760.000000 3.059613
761.000000 3.011308
762.000000 2.980219
763.000000 2.913578
764.000000 2.847992
765.000000 2.830825
766.000000 2.795757
767.000000 2.752215
768.000000 2.749795
769.000000 2.676568
770.000000 2.573566
771.000000 2.540887
772.000000 2.528598
773.000000 2.510468
774.000000 2.463651
775.000000 2.415741
776.000000 2.369052
777.000000 2.299075
778.000000 2.236916
779.000000 2.277158
780.000000 2.326018
781.000000 2.280785
782.000000 2.239683
783.000000 2.231794
784.000000 2.197810
785.000000 2.156125
786.000000 2.128303
787.000000 2.099763
788.000000 2.072980
789.000000 2.040945
790.000000 2.005046
791.000000 1.957344
792.000000 1.941192
793.000000 1.929725
794.000000 1.886379
795.000000 1.832285
796.000000 1.809916
797.000000 1.774474
798.000000 1.744375
799.000000 1.750660
800.000000 1.753027
