600.000000 0.433987
601.000000 0.440948
602.000000 0.446745
603.000000 0.456465
604.000000 0.470127
605.000000 0.481507
606.000000 0.495610
607.000000 0.513728
608.000000 0.532742
609.000000 0.548097
610.000000 0.571385
611.000000 0.601803
612.000000 0.633533
613.000000 0.668172
614.000000 0.705245
615.000000 0.737983
616.000000 0.764185
617.000000 0.798998
618.000000 0.833857
619.000000 0.859542
620.000000 0.896034
621.000000 0.931967
622.000000 0.961954
623.000000 0.995797
624.000000 1.028961
625.000000 1.061196
626.000000 1.101252
627.000000 1.157095
628.000000 1.220881
629.000000 1.299613
630.000000 1.393893
631.000000 1.504080
632.000000 1.634649
633.000000 1.778588
634.000000 1.955811
635.000000 2.195836
636.000000 2.511206
637.000000 2.897006
638.000000 3.396114
639.000000 4.052262
640.000000 4.835762
641.000000 5.888787
642.000000 7.196817
643.000000 8.670571
644.000000 10.478611
645.000000 12.581439
646.000000 14.829840
647.000000 17.314360
648.000000 20.031495
649.000000 22.726683
650.000000 25.468127
651.000000 28.234094
652.000000 30.668377
653.000000 32.999716
654.000000 34.914071
655.000000 36.069707
656.000000 36.978278
657.000000 37.826793
658.000000 38.507092
659.000000 39.007856
660.000000 39.253471
661.000000 39.297485
662.000000 39.413400
663.000000 39.468786
664.000000 39.121123
665.000000 38.349576
666.000000 37.236930
667.000000 35.894100
668.000000 34.448764
669.000000 32.862522
670.000000 31.270629
671.000000 29.700489
672.000000 28.052497
673.000000 26.456070
674.000000 24.836555
675.000000 23.299335
676.000000 22.021136
677.000000 20.874622
678.000000 19.777350
679.000000 18.701233
680.000000 17.720490
681.000000 16.908819
682.000000 16.210451
683.000000 15.602592
684.000000 15.083030
685.000000 14.623090
686.000000 14.274121
687.000000 13.921531
688.000000 13.634646
689.000000 13.466701
690.000000 13.328659
691.000000 13.191950
692.000000 13.063491
693.000000 12.966046
694.000000 12.922802
695.000000 12.908998
696.000000 12.857837
697.000000 12.869495
698.000000 12.876612
699.000000 12.905087
700.000000 12.991152
701.000000 13.106162
702.000000 13.232933
703.000000 13.358610
704.000000 13.527584
705.000000 13.704252
706.000000 13.880186
707.000000 14.062911
708.000000 14.268548
709.000000 14.448650
710.000000 14.620829
711.000000 14.700580
712.000000 14.727863
713.000000 14.767502
714.000000 14.763173
715.000000 14.753269
716.000000 14.731263
717.000000 14.669292
718.000000 14.620188
719.000000 14.589700
720.000000 14.526613
721.000000 14.463473
722.000000 14.376674
723.000000 14.280242
724.000000 14.104987
725.000000 13.822557
726.000000 13.546874
727.000000 13.194106
728.000000 12.751033
729.000000 12.301569
730.000000 11.807565
731.000000 11.248801
732.000000 10.693745
733.000000 10.194944
734.000000 9.728270
735.000000 9.257985
736.000000 8.824676
737.000000 8.380126
738.000000 7.906074
739.000000 7.464663
740.000000 7.045480
741.000000 6.699643
742.000000 6.383967
743.000000 6.017164
744.000000 5.683173
745.000000 5.401387
746.000000 5.085533
747.000000 4.826052
748.000000 4.621937
749.000000 4.401533
750.000000 4.209101
751.000000 4.032335
752.000000 3.839253
753.000000 3.680769
754.000000 3.529659
755.000000 3.371256
756.000000 3.270505
757.000000 3.193739
758.000000 3.130687
759.000000 3.053234
760.000000 2.953048
761.000000 2.872565
762.000000 2.809716
763.000000 2.764520
764.000000 2.738786
765.000000 2.685318
766.000000 2.602622
767.000000 2.566103
768.000000 2.545306
769.000000 2.474149
770.000000 2.407764
771.000000 2.375526
772.000000 2.351185
773.000000 2.343838
774.000000 2.347478
775.000000 2.334827
776.000000 2.308567
777.000000 2.283661
778.000000 2.251337
779.000000 2.220734
780.000000 2.218689
781.000000 2.211206
782.000000 2.177336
783.000000 2.135143
784.000000 2.110682
785.000000 2.089375
786.000000 2.063217
787.000000 2.041278
788.000000 2.026367
789.000000 2.019960
790.000000 1.991391
791.000000 1.951598
792.000000 1.911014
793.000000 1.889881
794.000000 1.870437
795.000000 1.852534
796.000000 1.824341
797.000000 1.780343
798.000000 1.752685
799.000000 1.731374
800.000000 1.724537
