620.000000 1.317550
621.000000 1.312860
622.000000 1.286672
623.000000 1.280504
624.000000 1.288717
625.000000 1.285916
626.000000 1.269666
627.000000 1.262821
628.000000 1.300752
629.000000 1.323478
630.000000 1.338209
631.000000 1.372325
632.000000 1.407074
633.000000 1.452781
634.000000 1.517173
635.000000 1.598557
636.000000 1.706271
637.000000 1.836380
638.000000 1.999469
639.000000 2.201586
640.000000 2.462337
641.000000 2.817537
642.000000 3.313582
643.000000 3.961473
644.000000 4.686334
645.000000 5.556121
646.000000 6.522744
647.000000 7.642585
648.000000 9.033332
649.000000 10.484403
650.000000 12.093102
651.000000 13.919536
652.000000 15.642233
653.000000 17.353550
654.000000 19.027420
655.000000 20.502836
656.000000 21.812946
657.000000 22.767683
658.000000 23.490348
659.000000 24.018701
660.000000 24.144510
661.000000 23.814998
662.000000 23.384788
663.000000 22.729970
664.000000 21.595843
665.000000 20.468179
666.000000 19.354639
667.000000 18.139629
668.000000 16.987779
669.000000 15.826192
670.000000 14.726470
671.000000 13.694937
672.000000 12.587602
673.000000 11.650655
674.000000 10.903227
675.000000 10.176182
676.000000 9.591607
677.000000 9.082854
678.000000 8.584756
679.000000 8.184200
680.000000 7.754605
681.000000 7.328637
682.000000 6.949289
683.000000 6.618649
684.000000 6.358455
685.000000 6.261311
686.000000 6.200545
687.000000 6.012873
688.000000 5.788398
689.000000 5.555129
690.000000 5.482140
691.000000 5.510966
692.000000 5.526425
693.000000 5.459273
694.000000 5.344061
695.000000 5.299511
696.000000 5.310176
697.000000 5.256871
698.000000 5.148245
699.000000 5.162773
700.000000 5.149769
701.000000 5.133372
702.000000 5.196384
703.000000 5.282375
704.000000 5.342352
705.000000 5.377795
706.000000 5.367000
707.000000 5.368876
708.000000 5.442543
709.000000 5.535433
710.000000 5.689961
711.000000 5.756436
712.000000 5.716811
713.000000 5.744465
714.000000 5.720505
715.000000 5.654067
716.000000 5.669789
717.000000 5.654693
718.000000 5.623429
719.000000 5.620007
720.000000 5.554046
721.000000 5.471298
722.000000 5.519416
723.000000 5.593123
724.000000 5.486126
725.000000 5.306879
726.000000 5.149888
727.000000 5.020405
728.000000 4.936970
729.000000 4.763304
730.000000 4.454518
731.000000 4.223133
732.000000 4.059400
733.000000 3.861590
734.000000 3.697084
735.000000 3.517289
736.000000 3.379189
737.000000 3.215819
738.000000 3.044883
739.000000 2.895942
740.000000 2.692446
741.000000 2.555665
742.000000 2.481572
743.000000 2.334292
744.000000 2.214583
745.000000 2.152686
746.000000 2.044802
747.000000 1.973274
748.000000 1.882425
749.000000 1.800613
750.000000 1.796143
751.000000 1.772754
752.000000 1.724917
753.000000 1.672253
754.000000 1.618221
755.000000 1.578833
756.000000 1.556898
757.000000 1.537466
758.000000 1.487742
759.000000 1.450569
760.000000 1.433419
761.000000 1.398442
762.000000 1.391546
763.000000 1.394298
764.000000 1.402951
765.000000 1.427766
766.000000 1.350974
767.000000 1.269587
768.000000 1.264010
769.000000 1.262813
770.000000 1.275674
771.000000 1.245636
772.000000 1.207199
773.000000 1.190134
774.000000 1.193191
775.000000 1.191537
776.000000 1.149195
777.000000 1.135508
778.000000 1.135788
779.000000 1.224578
780.000000 1.403534
781.000000 1.405340
782.000000 1.343623
783.000000 1.367765
784.000000 1.376991
785.000000 1.362409
786.000000 1.328051
787.000000 1.327859
788.000000 1.365095
789.000000 1.358743
790.000000 1.239696
791.000000 1.153166
792.000000 1.185647
793.000000 1.162098
794.000000 1.149113
795.000000 1.186242
796.000000 1.160784
797.000000 1.131598
798.000000 1.086831
799.000000 1.031443
800.000000 1.013136
