450.000000 0.192018
451.000000 0.190856
452.000000 0.191992
453.000000 0.193141
454.000000 0.194067
455.000000 0.195852
456.000000 0.197116
457.000000 0.199222
458.000000 0.201048
459.000000 0.204721
460.000000 0.208853
461.000000 0.211983
462.000000 0.217344
463.000000 0.220256
464.000000 0.220770
465.000000 0.224425
466.000000 0.230343
467.000000 0.236473
468.000000 0.240601
469.000000 0.245279
470.000000 0.252278
471.000000 0.260574
472.000000 0.270981
473.000000 0.278234
474.000000 0.282854
475.000000 0.288947
476.000000 0.296994
477.000000 0.305488
478.000000 0.313549
479.000000 0.321733
480.000000 0.328274
481.000000 0.332604
482.000000 0.339939
483.000000 0.348421
484.000000 0.355809
485.000000 0.364548
486.000000 0.371172
487.000000 0.378462
488.000000 0.390178
489.000000 0.399920
490.000000 0.408453
491.000000 0.413535
492.000000 0.416067
493.000000 0.423267
494.000000 0.432061
495.000000 0.435845
496.000000 0.433007
497.000000 0.434219
498.000000 0.439819
499.000000 0.441286
500.000000 0.440111
501.000000 0.441284
502.000000 0.444236
503.000000 0.445834
504.000000 0.445606
505.000000 0.445981
506.000000 0.447145
507.000000 0.449916
508.000000 0.452643
509.000000 0.452265
510.000000 0.450787
511.000000 0.449822
512.000000 0.450271
513.000000 0.449577
514.000000 0.446070
515.000000 0.444777
516.000000 0.446608
517.000000 0.445783
518.000000 0.441169
519.000000 0.436672
520.000000 0.434238
521.000000 0.432902
522.000000 0.430932
523.000000 0.426651
524.000000 0.422606
525.000000 0.419360
526.000000 0.413351
527.000000 0.410436
528.000000 0.408462
529.000000 0.406643
530.000000 0.403229
531.000000 0.397833
532.000000 0.395938
533.000000 0.394989
534.000000 0.390791
535.000000 0.384773
536.000000 0.384142
537.000000 0.385518
538.000000 0.380022
539.000000 0.376582
540.000000 0.376667
541.000000 0.373824
542.000000 0.370212
543.000000 0.366768
544.000000 0.365475
545.000000 0.360804
546.000000 0.354789
547.000000 0.352982
548.000000 0.355190
549.000000 0.354965
550.000000 0.350567
551.000000 0.348496
552.000000 0.347253
553.000000 0.344668
554.000000 0.341834
555.000000 0.339921
556.000000 0.339777
557.000000 0.338322
558.000000 0.333718
559.000000 0.332196
560.000000 0.332261
561.000000 0.331639
562.000000 0.331490
563.000000 0.327916
564.000000 0.325689
565.000000 0.323086
566.000000 0.321671
567.000000 0.323581
568.000000 0.322330
569.000000 0.321439
570.000000 0.319887
571.000000 0.318598
572.000000 0.321289
573.000000 0.323503
574.000000 0.321173
575.000000 0.322010
576.000000 0.324904
577.000000 0.326261
578.000000 0.328602
579.000000 0.327603
580.000000 0.325466
581.000000 0.327817
582.000000 0.329227
583.000000 0.329708
584.000000 0.332421
585.000000 0.333076
586.000000 0.332137
587.000000 0.330759
588.000000 0.325859
589.000000 0.321121
590.000000 0.322450
591.000000 0.325336
592.000000 0.329736
593.000000 0.336834
594.000000 0.344940
595.000000 0.348014
596.000000 0.353260
597.000000 0.359624
598.000000 0.364051
599.000000 0.366379
600.000000 0.371127
601.000000 0.379528
602.000000 0.384959
603.000000 0.399024
604.000000 0.416738
605.000000 0.432060
606.000000 0.446746
607.000000 0.460235
608.000000 0.476570
609.000000 0.497763
610.000000 0.518792
611.000000 0.543295
612.000000 0.573651
613.000000 0.605973
614.000000 0.642745
615.000000 0.675415
616.000000 0.696200
617.000000 0.723104
618.000000 0.759962
619.000000 0.792427
620.000000 0.828129
621.000000 0.853467
622.000000 0.868936
623.000000 0.894721
624.000000 0.926304
625.000000 0.963954
626.000000 1.002077
627.000000 1.039683
628.000000 1.085544
629.000000 1.140622
630.000000 1.212706
631.000000 1.296172
632.000000 1.395792
633.000000 1.515206
634.000000 1.660600
635.000000 1.852743
636.000000 2.080837
637.000000 2.393566
638.000000 2.829711
639.000000 3.340268
640.000000 3.937481
641.000000 4.741384
642.000000 5.812003
643.000000 7.071811
644.000000 8.585774
645.000000 10.376923
646.000000 12.390918
647.000000 14.709320
648.000000 17.098664
649.000000 19.421915
650.000000 21.901447
651.000000 24.344156
652.000000 26.676623
653.000000 28.947144
654.000000 30.966270
655.000000 32.676053
656.000000 34.145978
657.000000 35.428724
658.000000 36.553688
659.000000 37.271587
660.000000 37.591397
661.000000 37.676823
662.000000 37.281763
663.000000 36.528093
664.000000 35.634189
665.000000 34.694316
666.000000 33.575068
667.000000 32.036260
668.000000 30.375027
669.000000 28.798442
670.000000 27.227558
671.000000 25.719889
672.000000 24.212370
673.000000 22.754271
674.000000 21.335930
675.000000 19.991608
676.000000 18.792805
677.000000 17.715874
678.000000 16.773328
679.000000 15.900216
680.000000 15.098420
681.000000 14.418542
682.000000 13.798869
683.000000 13.296963
684.000000 12.874794
685.000000 12.489935
686.000000 12.219208
687.000000 11.939548
688.000000 11.690690
689.000000 11.527500
690.000000 11.407452
691.000000 11.292333
692.000000 11.164403
693.000000 11.012599
694.000000 10.928582
695.000000 10.914474
696.000000 10.904982
697.000000 10.886758
698.000000 10.908106
699.000000 10.944225
700.000000 10.927029
701.000000 10.962899
702.000000 11.058989
703.000000 11.189820
704.000000 11.359410
705.000000 11.521368
706.000000 11.676801
707.000000 11.853433
708.000000 12.003820
709.000000 12.149710
710.000000 12.243397
711.000000 12.289667
712.000000 12.347260
713.000000 12.406911
714.000000 12.417721
715.000000 12.386287
716.000000 12.337289
717.000000 12.323575
718.000000 12.400289
719.000000 12.414896
720.000000 12.334728
721.000000 12.284245
722.000000 12.249597
723.000000 12.133271
724.000000 11.953529
725.000000 11.730497
726.000000 11.458489
727.000000 11.158418
728.000000 10.777326
729.000000 10.346542
730.000000 9.950457
731.000000 9.530516
732.000000 9.129659
733.000000 8.747393
734.000000 8.353217
735.000000 7.949012
736.000000 7.515732
737.000000 7.083320
738.000000 6.695600
739.000000 6.380606
740.000000 6.097826
741.000000 5.777073
742.000000 5.460213
743.000000 5.195799
744.000000 4.955545
745.000000 4.719142
746.000000 4.473152
747.000000 4.250498
748.000000 4.039877
749.000000 3.828715
750.000000 3.668448
751.000000 3.537484
752.000000 3.398604
753.000000 3.290435
754.000000 3.177985
755.000000 3.054878
756.000000 2.960951
757.000000 2.877491
758.000000 2.801473
759.000000 2.726271
760.000000 2.634283
761.000000 2.551883
762.000000 2.502137
763.000000 2.471127
764.000000 2.425174
765.000000 2.369539
766.000000 2.335933
767.000000 2.282651
768.000000 2.226081
769.000000 2.203004
770.000000 2.180181
771.000000 2.162094
772.000000 2.161452
773.000000 2.138286
774.000000 2.108092
775.000000 2.067226
776.000000 2.015807
777.000000 1.999471
778.000000 1.976114
779.000000 1.951786
780.000000 1.939490
781.000000 1.929175
782.000000 1.924366
783.000000 1.908902
784.000000 1.871160
785.000000 1.839125
786.000000 1.845493
787.000000 1.843314
788.000000 1.811240
789.000000 1.783202
790.000000 1.754205
791.000000 1.726152
792.000000 1.708470
793.000000 1.688346
794.000000 1.660624
795.000000 1.614291
796.000000 1.587192
797.000000 1.588134
798.000000 1.578442
799.000000 1.568181
800.000000 1.565003
