350.000000 32.533646
351.000000 33.262470
352.000000 33.919492
353.000000 34.501652
354.000000 35.028200
355.000000 35.565909
356.000000 35.866940
357.000000 36.050108
358.000000 36.346974
359.000000 36.693710
360.000000 37.228278
361.000000 37.764379
362.000000 38.532802
363.000000 39.884853
364.000000 41.220213
365.000000 42.280874
366.000000 43.454592
367.000000 44.427814
368.000000 45.124406
369.000000 45.566198
370.000000 45.746949
371.000000 45.641754
372.000000 45.288789
373.000000 44.855787
374.000000 44.227669
375.000000 43.652680
376.000000 43.426167
377.000000 43.372778
378.000000 43.207898
379.000000 43.286230
380.000000 43.472602
381.000000 43.410290
382.000000 43.129081
383.000000 42.957235
384.000000 42.852054
385.000000 42.451335
386.000000 42.160780
387.000000 42.027097
388.000000 41.797786
389.000000 41.485491
390.000000 41.289697
391.000000 41.381708
392.000000 41.513245
393.000000 41.755023
394.000000 42.299193
395.000000 43.236261
396.000000 44.287205
397.000000 45.071893
398.000000 45.749031
399.000000 46.352950
400.000000 47.232067
401.000000 47.875225
402.000000 48.008501
403.000000 48.301706
404.000000 48.520895
405.000000 48.683594
406.000000 48.664594
407.000000 48.505992
408.000000 48.397995
409.000000 48.333753
410.000000 48.053555
411.000000 47.494391
412.000000 46.979148
413.000000 46.446600
414.000000 45.918010
415.000000 45.285383
416.000000 44.361853
417.000000 43.464290
418.000000 42.678301
419.000000 41.607487
420.000000 40.436707
421.000000 39.492147
422.000000 38.864909
423.000000 38.757388
424.000000 38.799849
425.000000 39.031241
426.000000 39.469529
427.000000 39.638186
428.000000 39.803387
429.000000 39.776432
430.000000 39.180830
431.000000 38.004790
432.000000 36.406080
433.000000 34.722832
434.000000 32.993698
435.000000 31.077125
436.000000 29.091804
437.000000 27.158238
438.000000 25.308645
439.000000 23.624202
440.000000 22.226669
441.000000 21.044067
442.000000 20.026490
443.000000 19.102448
444.000000 18.199969
445.000000 17.477938
446.000000 17.005328
447.000000 16.538309
448.000000 16.104578
449.000000 15.818644
450.000000 15.540525
451.000000 15.322788
452.000000 14.958212
453.000000 14.572069
454.000000 14.295647
455.000000 13.893756
456.000000 13.558296
457.000000 13.354257
458.000000 13.260712
459.000000 13.193885
460.000000 13.127244
461.000000 13.110983
462.000000 13.054589
463.000000 12.922951
464.000000 12.733370
465.000000 12.589296
466.000000 12.395423
467.000000 12.206853
468.000000 12.041828
469.000000 11.776303
470.000000 11.487110
471.000000 11.155921
472.000000 10.873832
473.000000 10.560500
474.000000 10.134389
475.000000 9.765428
476.000000 9.477273
477.000000 9.046776
478.000000 8.534314
479.000000 8.140316
480.000000 7.793646
481.000000 7.407713
482.000000 7.037759
483.000000 6.820616
484.000000 6.624058
485.000000 6.384104
486.000000 6.178624
487.000000 5.961156
488.000000 5.804162
489.000000 5.677936
490.000000 5.553901
491.000000 5.423069
492.000000 5.347607
493.000000 5.276439
494.000000 5.147929
495.000000 5.102013
496.000000 5.083364
497.000000 5.026677
498.000000 5.003516
499.000000 5.027597
500.000000 4.991370
501.000000 4.918885
502.000000 4.855040
503.000000 4.853460
504.000000 4.886175
505.000000 4.840591
506.000000 4.857892
507.000000 4.860909
508.000000 4.780688
509.000000 4.779106
510.000000 4.808517
511.000000 4.805039
512.000000 4.772475
513.000000 4.806826
514.000000 4.867993
515.000000 4.942556
516.000000 5.015618
517.000000 5.049406
518.000000 5.156216
519.000000 5.279347
520.000000 5.382675
521.000000 5.545633
522.000000 5.661404
523.000000 5.728254
524.000000 5.898288
525.000000 6.087998
526.000000 6.308119
527.000000 6.529144
528.000000 6.721278
529.000000 6.933248
530.000000 7.115663
531.000000 7.277160
532.000000 7.433075
533.000000 7.606002
534.000000 7.785697
535.000000 7.792454
536.000000 7.667116
537.000000 7.603467
538.000000 7.526284
539.000000 7.428041
540.000000 7.371066
541.000000 7.371432
542.000000 7.384158
543.000000 7.407954
544.000000 7.455948
545.000000 7.458190
546.000000 7.492176
547.000000 7.533020
548.000000 7.550867
549.000000 7.609426
550.000000 7.785162
551.000000 7.943598
552.000000 8.115724
553.000000 8.320857
554.000000 8.443261
555.000000 8.702004
556.000000 8.921873
557.000000 9.001172
558.000000 9.134708
559.000000 9.260488
560.000000 9.392109
561.000000 9.605428
562.000000 9.965465
563.000000 10.312400
564.000000 10.554907
565.000000 10.900638
566.000000 11.233401
567.000000 11.421027
568.000000 11.693921
569.000000 11.967296
570.000000 12.262106
571.000000 12.514806
572.000000 12.640928
573.000000 12.916790
574.000000 13.260723
575.000000 13.628864
576.000000 13.861587
577.000000 13.983989
578.000000 14.080939
579.000000 14.013195
580.000000 14.049798
581.000000 13.972669
582.000000 13.955667
583.000000 14.167865
584.000000 14.355300
585.000000 14.534881
586.000000 14.644998
587.000000 14.831011
588.000000 15.106438
589.000000 15.639330
590.000000 16.005339
591.000000 16.361417
592.000000 17.332628
593.000000 18.205019
594.000000 18.845434
595.000000 19.813657
596.000000 20.669813
597.000000 21.486434
598.000000 22.126307
599.000000 22.465183
600.000000 22.899497
601.000000 23.280313
602.000000 23.643963
603.000000 23.885577
604.000000 24.053391
605.000000 24.282634
606.000000 24.429923
607.000000 24.528536
608.000000 24.589077
609.000000 24.576527
610.000000 24.402350
611.000000 24.160603
612.000000 24.050029
613.000000 23.855195
614.000000 23.438265
615.000000 23.164371
616.000000 22.940468
617.000000 22.594214
618.000000 22.085030
619.000000 21.509238
620.000000 20.938442
621.000000 20.383196
622.000000 19.782350
623.000000 19.031985
624.000000 18.434094
625.000000 18.030032
626.000000 17.936117
627.000000 17.966436
628.000000 17.827868
629.000000 17.882868
630.000000 18.262187
631.000000 18.613052
632.000000 19.040011
633.000000 19.751557
634.000000 20.906737
635.000000 22.574296
636.000000 24.468918
637.000000 26.412196
638.000000 29.007145
639.000000 32.470050
640.000000 36.487831
641.000000 41.432413
642.000000 47.242710
643.000000 53.123371
644.000000 56.914956
645.000000 58.145889
