600.000000 0.431304
601.000000 0.439163
602.000000 0.442333
603.000000 0.445030
604.000000 0.450424
605.000000 0.461782
606.000000 0.475183
607.000000 0.483633
608.000000 0.488829
609.000000 0.501247
610.000000 0.523822
611.000000 0.536672
612.000000 0.551182
613.000000 0.577565
614.000000 0.600536
615.000000 0.635943
616.000000 0.669323
617.000000 0.681961
618.000000 0.697551
619.000000 0.735945
620.000000 0.779117
621.000000 0.806145
622.000000 0.834992
623.000000 0.867759
624.000000 0.902781
625.000000 0.950141
626.000000 0.993053
627.000000 1.031178
628.000000 1.094964
629.000000 1.165332
630.000000 1.231328
631.000000 1.334302
632.000000 1.465971
633.000000 1.606361
634.000000 1.767400
635.000000 1.973209
636.000000 2.256693
637.000000 2.626819
638.000000 3.132585
639.000000 3.771281
640.000000 4.520361
641.000000 5.475186
642.000000 6.707273
643.000000 8.210571
644.000000 10.029804
645.000000 12.176666
646.000000 14.616332
647.000000 17.483128
648.000000 20.561798
649.000000 23.712650
650.000000 27.077393
651.000000 30.418316
652.000000 33.595371
653.000000 36.654279
654.000000 39.460194
655.000000 41.959773
656.000000 44.149767
657.000000 46.007915
658.000000 47.407416
659.000000 48.327905
660.000000 48.865321
661.000000 48.882779
662.000000 48.554041
663.000000 47.953849
664.000000 46.886038
665.000000 45.416842
666.000000 43.626902
667.000000 41.670881
668.000000 39.727198
669.000000 37.668337
670.000000 35.563354
671.000000 33.572688
672.000000 31.480745
673.000000 29.411640
674.000000 27.443588
675.000000 25.675214
676.000000 24.150997
677.000000 22.660279
678.000000 21.310051
679.000000 20.047192
680.000000 18.950719
681.000000 18.030769
682.000000 17.166566
683.000000 16.444676
684.000000 15.793209
685.000000 15.231641
686.000000 14.802237
687.000000 14.431306
688.000000 14.123384
689.000000 13.911898
690.000000 13.742521
691.000000 13.533055
692.000000 13.357349
693.000000 13.269333
694.000000 13.168215
695.000000 13.053489
696.000000 13.011129
697.000000 13.065793
698.000000 13.153225
699.000000 13.211631
700.000000 13.288985
701.000000 13.385070
702.000000 13.540900
703.000000 13.687033
704.000000 13.842359
705.000000 14.037968
706.000000 14.173349
707.000000 14.315221
708.000000 14.498072
709.000000 14.688899
710.000000 14.829051
711.000000 14.880295
712.000000 14.873332
713.000000 14.845832
714.000000 14.793459
715.000000 14.723018
716.000000 14.664271
717.000000 14.601286
718.000000 14.502746
719.000000 14.415708
720.000000 14.291223
721.000000 14.148559
722.000000 14.044976
723.000000 13.823580
724.000000 13.550141
725.000000 13.266890
726.000000 12.922118
727.000000 12.550671
728.000000 12.151967
729.000000 11.696719
730.000000 11.189936
731.000000 10.592824
732.000000 10.034122
733.000000 9.551347
734.000000 9.068788
735.000000 8.637364
736.000000 8.228208
737.000000 7.815018
738.000000 7.384469
739.000000 6.997825
740.000000 6.628618
741.000000 6.247677
742.000000 5.870729
743.000000 5.566304
744.000000 5.299413
745.000000 5.007432
746.000000 4.763474
747.000000 4.539969
748.000000 4.314950
749.000000 4.128521
750.000000 3.955329
751.000000 3.769764
752.000000 3.584444
753.000000 3.466958
754.000000 3.359868
755.000000 3.238206
756.000000 3.156764
757.000000 3.044852
758.000000 2.954304
759.000000 2.885765
760.000000 2.780633
761.000000 2.668895
762.000000 2.600824
763.000000 2.570868
764.000000 2.483193
765.000000 2.406914
766.000000 2.383101
767.000000 2.357360
768.000000 2.303416
769.000000 2.242985
770.000000 2.236850
771.000000 2.215004
772.000000 2.177101
773.000000 2.172037
774.000000 2.147864
775.000000 2.106792
776.000000 2.052731
777.000000 2.011702
778.000000 2.018937
779.000000 2.056569
780.000000 2.088198
781.000000 2.074670
782.000000 2.039264
783.000000 2.000325
784.000000 1.983371
785.000000 1.979711
786.000000 1.960302
787.000000 1.946098
788.000000 1.918602
789.000000 1.885370
790.000000 1.849864
791.000000 1.803466
792.000000 1.777771
793.000000 1.749867
794.000000 1.726674
795.000000 1.709145
796.000000 1.695678
797.000000 1.674223
798.000000 1.627206
799.000000 1.595429
800.000000 1.585081
