665.000000 82.130170
666.000000 76.685819
667.000000 70.991733
668.000000 65.403502
669.000000 59.979139
670.000000 55.111624
671.000000 50.761714
672.000000 46.415286
673.000000 42.194794
674.000000 38.351445
675.000000 34.982798
676.000000 32.343231
677.000000 30.030048
678.000000 27.850933
679.000000 26.290405
680.000000 24.943820
681.000000 23.536038
682.000000 22.460664
683.000000 21.669934
684.000000 20.863475
685.000000 20.184357
686.000000 19.685130
687.000000 19.143217
688.000000 18.702816
689.000000 18.509207
690.000000 18.276675
691.000000 18.141491
692.000000 18.171761
693.000000 18.008230
694.000000 17.898786
695.000000 17.983198
696.000000 18.100347
697.000000 18.162275
698.000000 18.281071
699.000000 18.460463
700.000000 18.651329
701.000000 18.947009
702.000000 19.219179
703.000000 19.302694
704.000000 19.518063
705.000000 19.823587
706.000000 20.192607
707.000000 20.509784
708.000000 20.604216
709.000000 21.046333
710.000000 21.471778
711.000000 21.606564
712.000000 21.714570
713.000000 21.800367
714.000000 21.839727
715.000000 21.807283
716.000000 21.745288
717.000000 21.756072
718.000000 21.732033
719.000000 21.585981
720.000000 21.480501
721.000000 21.299907
722.000000 21.157220
723.000000 21.193880
724.000000 21.041183
725.000000 20.629404
726.000000 20.128030
727.000000 19.414814
728.000000 18.609354
729.000000 17.856450
730.000000 16.946950
731.000000 15.951065
732.000000 14.881950
733.000000 13.986767
734.000000 13.394286
735.000000 12.830911
736.000000 12.209766
737.000000 11.498692
738.000000 10.803839
739.000000 10.138410
740.000000 9.410573
741.000000 8.792210
742.000000 8.353177
743.000000 7.961445
744.000000 7.513746
745.000000 7.157958
746.000000 6.830846
747.000000 6.391721
748.000000 6.139126
749.000000 5.845829
750.000000 5.569636
751.000000 5.412185
752.000000 5.300070
753.000000 5.101350
754.000000 4.792567
755.000000 4.625232
756.000000 4.454239
757.000000 4.190208
758.000000 4.071886
759.000000 4.127171
760.000000 4.064987
761.000000 3.904248
762.000000 3.782198
763.000000 3.612594
764.000000 3.536032
765.000000 3.583446
766.000000 3.559809
767.000000 3.501560
768.000000 3.476283
769.000000 3.444623
770.000000 3.302446
771.000000 3.219600
772.000000 3.228882
773.000000 3.203702
774.000000 3.132570
775.000000 3.140031
776.000000 3.169813
777.000000 3.115417
778.000000 3.150538
779.000000 3.475912
780.000000 3.841539
781.000000 3.901971
782.000000 3.915676
783.000000 3.959096
784.000000 3.928377
785.000000 3.888977
786.000000 3.855503
787.000000 3.780412
788.000000 3.698515
789.000000 3.684260
790.000000 3.698461
791.000000 3.666864
792.000000 3.636411
793.000000 3.598621
794.000000 3.560629
795.000000 3.457655
796.000000 3.484861
797.000000 3.493953
798.000000 3.360384
799.000000 3.333270
800.000000 3.324746
